abbrev,d1,d2,d3,d4,d5,d6,d7,d8,d9,d10,d11,d12,d13,d14,d15,d16,d17,d18,d19,d20,d21,d22,d23,d24,d25,d26,d27,d28,d29,d30,d31,d32,d33,d34,d35,d36,d37,d38,d39,d40,d41,d51,d52,d53,d54,Totald1,37532,694,8814,2134,3841,6247,2414,8441,11378,6859,6220,752,1652,2861,765,2007,4170,5861,1681,581,338,375,211,740,1129,286,1415,954,346,1569,1237,564,94,365,466,176,302,91,679,238,707,0,0,0,0,127186d2,731,669,709,37,129,218,135,645,593,232,617,57,51,174,122,97,82,263,7,39,20,4,5,8,59,32,99,32,20,69,103,0,10,2,5,8,36,22,41,21,31,0,0,0,0,6234d3,8989,616,30100,560,1458,2439,685,3324,8579,4088,2189,407,1100,983,616,740,2052,1460,754,128,342,161,96,89,478,190,430,252,228,213,310,140,60,87,19,39,53,101,238,72,105,0,0,0,0,74970d4,2908,302,786,6455,1289,205,145,898,1377,68,352,83,59,89,60,99,89,99,48,32,15,16,11,22,62,32,31,15,6,41,12,16,14,8,8,2,6,1,9,11,7,0,0,0,0,15788d5,4006,150,1398,1492,8515,530,97,897,1233,56,106,283,29,15,53,112,7,13,103,30,8,2,5,9,5,2,0,1,0,4,3,14,0,1,0,0,1,1,0,0,0,0,0,0,0,19181d6,7028,250,2153,246,503,20411,1351,1810,2097,524,844,295,1435,219,301,327,146,512,267,154,310,147,127,89,69,23,79,180,74,177,49,26,24,129,128,52,74,29,17,28,43,0,0,0,0,42747d7,2746,214,675,84,82,1095,16565,7346,1056,174,225,12,274,380,253,97,21,40,31,12,27,8,123,103,13,9,1,2,0,3,3,0,0,2,1,5,2,0,0,0,0,0,0,0,0,31684d8,8155,295,3343,1135,838,2141,6902,83567,4688,1224,2423,251,933,4938,1893,743,998,1249,119,95,161,152,213,880,690,278,389,282,194,254,165,146,95,189,73,309,154,119,195,18,163,0,0,0,0,131049d9,13655,809,8244,1474,796,1969,817,5139,72302,4740,2970,362,1222,1324,639,4575,2643,1083,164,55,302,29,138,220,1692,684,689,650,658,645,419,104,96,53,69,97,189,152,140,51,144,0,0,0,0,132203d10,7047,293,4496,65,42,322,204,1346,4841,19122,3344,26,21,71,99,291,1932,507,11,0,18,1,0,13,118,14,466,153,28,23,17,0,0,4,0,4,22,3,11,4,7,0,0,0,0,44986d11,6944,844,2382,396,52,895,333,2366,3078,3925,20934,95,139,110,186,128,897,3204,20,17,11,5,29,24,29,71,83,590,137,333,126,19,11,8,20,0,27,3,13,51,39,0,0,0,0,48574d12,1074,22,372,57,314,323,13,252,273,41,140,6984,120,4,42,15,1,2,1095,350,7,8,2,20,0,2,0,0,0,1,0,26,1,3,1,0,0,0,0,0,0,0,0,0,0,11565d13,2208,59,1279,32,29,1502,315,853,1040,38,155,109,8027,125,83,179,7,18,178,58,390,62,68,80,27,2,2,0,2,1,0,12,9,18,29,9,1,0,0,0,0,0,0,0,0,17006d14,2740,372,1069,72,21,275,354,5448,1517,92,156,5,116,12905,1003,300,17,50,17,1,5,6,147,140,65,15,10,5,2,3,5,0,0,1,10,6,2,1,1,0,3,0,0,0,0,26957d15,955,171,708,62,53,340,228,1798,648,76,159,29,89,971,5638,320,64,74,90,25,11,16,42,140,105,69,42,30,15,15,3,14,5,12,18,22,44,8,6,3,1,0,0,0,0,13119d16,2260,67,1038,109,81,303,87,1032,4978,307,281,0,161,279,308,10682,203,199,6,17,35,21,49,67,658,248,300,90,58,20,50,3,0,5,12,11,77,14,43,19,5,0,0,0,0,24183d17,4716,77,1951,85,0,162,22,1159,2982,2233,884,2,9,26,70,222,8235,384,10,1,3,1,1,21,141,8,389,47,23,13,8,0,0,0,1,0,2,5,12,6,1,0,0,0,0,23912d18,6165,477,1860,96,13,446,24,1390,1711,507,3277,8,16,38,66,184,312,12976,22,1,0,2,4,25,35,5,59,267,97,1291,197,1,0,2,2,0,0,7,24,43,52,0,0,0,0,31702d19,1755,22,1012,47,111,221,31,162,146,27,33,1211,161,14,86,4,12,24,10991,355,31,21,25,4,6,2,0,0,0,0,0,320,35,12,2,1,0,0,0,0,0,0,0,0,0,16884d20,813,43,103,46,38,173,12,93,121,0,13,352,50,1,28,15,0,2,370,1579,11,5,1,4,0,0,0,0,0,0,0,22,4,11,3,0,0,0,0,0,0,0,0,0,0,3913d21,433,22,266,16,7,323,55,239,341,0,25,10,420,4,20,44,4,0,33,10,851,21,16,22,12,1,0,0,0,0,0,2,1,21,17,2,1,0,0,0,0,0,0,0,0,3239d22,478,2,197,16,2,173,11,190,17,0,7,9,71,7,16,29,0,3,22,4,21,309,15,35,2,0,0,0,0,1,0,2,7,201,55,4,1,0,0,0,0,0,0,0,0,1907d23,339,6,105,11,2,154,152,273,145,0,58,1,80,130,43,22,1,3,31,1,12,14,459,8,13,1,2,0,0,0,0,1,0,17,144,9,2,0,0,0,0,0,0,0,0,2239d24,836,25,159,19,0,126,87,1123,209,8,27,18,66,157,145,90,32,0,2,5,31,23,7,709,51,15,31,6,0,8,3,1,0,40,76,31,9,1,1,2,1,0,0,0,0,4180d25,1190,69,719,66,3,69,21,696,1750,125,30,1,28,63,85,659,124,30,5,1,7,2,9,58,3535,247,137,47,15,26,4,1,0,1,11,5,87,57,22,5,1,0,0,0,0,10011d26,354,36,188,38,1,23,4,228,789,9,67,2,2,17,70,277,6,8,3,0,1,1,1,17,263,344,13,2,2,1,0,0,0,4,2,3,29,17,5,2,0,0,0,0,0,2829d27,1610,110,342,25,0,61,0,359,752,434,80,0,1,9,36,291,378,68,6,0,0,0,2,18,157,13,2165,58,21,13,1,0,0,0,1,1,2,28,43,11,1,0,0,0,0,7097d28,1020,63,329,14,0,71,2,255,730,134,674,1,1,5,33,125,46,281,0,0,0,0,1,4,48,2,48,1357,217,45,9,0,0,0,0,0,0,2,15,41,8,0,0,0,0,5581d29,371,23,271,5,1,64,0,210,411,18,285,0,2,0,11,59,3,165,0,0,0,0,0,0,15,1,13,208,1269,45,43,0,0,0,0,0,0,3,17,157,34,0,0,0,0,3704d30,1518,36,242,25,1,214,3,250,688,22,275,0,1,12,16,83,14,1492,0,0,0,1,1,8,23,0,13,55,56,2491,77,1,0,0,0,0,0,2,1,10,12,0,0,0,0,7643d31,1395,116,291,24,1,56,2,186,501,23,130,0,0,2,4,42,5,199,0,0,0,0,0,3,4,0,2,11,40,83,753,0,0,0,0,0,0,0,1,4,5,0,0,0,0,3883d32,504,0,225,11,16,29,0,148,85,0,10,24,19,0,11,3,1,1,377,19,4,2,1,1,1,0,0,0,0,0,0,1414,12,18,1,0,0,0,0,0,0,0,0,0,0,2937d33,166,11,68,13,2,28,0,122,109,0,5,4,9,0,5,0,0,0,44,3,1,8,0,0,2,0,0,0,0,3,0,12,21,38,12,0,0,0,0,0,0,0,0,0,0,686d34,457,4,100,5,2,124,2,126,80,5,47,4,18,1,14,7,1,3,9,9,21,199,17,45,3,3,0,0,0,0,0,12,31,1202,95,6,3,0,0,0,0,0,0,0,0,2655d35,540,5,68,8,0,125,1,75,64,0,21,1,34,11,31,14,1,7,2,4,17,51,157,89,9,2,0,1,1,0,0,1,12,80,387,19,1,0,0,0,0,0,0,0,0,1839d36,136,8,63,4,0,46,7,293,124,3,0,0,15,7,27,10,0,0,1,0,2,6,12,40,5,4,1,0,0,0,0,0,0,9,22,25,0,0,0,0,0,0,0,0,0,870d37,313,11,55,6,1,142,3,132,229,11,14,0,2,2,47,71,3,0,0,0,1,0,2,11,80,34,2,1,1,0,0,0,0,4,1,0,0,6,0,0,0,0,0,0,0,1185d38,124,25,108,1,1,19,0,116,169,4,0,0,0,0,8,15,9,8,0,0,0,0,0,1,49,21,30,2,2,1,0,0,0,1,0,0,5,163,16,2,0,0,0,0,0,900d39,696,45,293,9,0,7,0,153,202,0,27,0,1,0,7,41,20,20,0,0,0,0,0,1,22,5,50,16,21,1,1,0,0,0,0,0,0,15,781,7,0,0,0,0,0,2441d40,352,28,90,10,0,22,1,19,147,9,55,0,0,1,3,13,5,25,0,0,0,0,0,2,4,2,12,41,179,10,4,0,0,0,0,0,0,2,8,17,2,0,0,0,0,1063d41,882,40,192,6,0,51,0,180,203,9,50,0,0,3,1,11,2,63,0,0,0,0,0,2,1,0,1,7,46,19,5,0,0,0,0,0,0,0,0,2,34,0,0,0,0,1810d51,0,0,0,0,0,0,0,0,0,0,0,0,0,0,0,0,0,0,0,0,0,0,0,0,0,0,0,0,0,0,0,0,0,0,0,0,0,0,0,0,0,0,0,0,0,0d52,0,0,0,0,0,0,0,0,0,0,0,0,0,0,0,0,0,0,0,0,0,0,0,0,0,0,0,0,0,0,0,0,0,0,0,0,0,0,0,0,0,0,0,0,0,0d53,0,0,0,0,0,0,0,0,0,0,0,0,0,0,0,0,0,0,0,0,0,0,0,0,0,0,0,0,0,0,0,0,0,0,0,0,0,0,0,0,0,0,0,0,0,0d54,0,0,0,0,0,0,0,0,0,0,0,0,0,0,0,0,0,0,0,0,0,0,0,0,0,0,0,0,0,0,0,0,0,0,0,0,0,0,0,0,0,0,0,0,0,0Total,136141,7131,76863,15016,18245,42144,31085,133339,132383,45147,47209,11398,16434,25958,12944,23043,22543,30396,16519,3586,3014,1679,1997,3772,9680,2667,7004,5362,3758,7422,3607,2874,542,2548,1691,846,1132,853,2339,825,1406,0,0,0,0,912542